Cluster0: 0, 24, 25, 40, 42, 86, 89, 94, 201, 227, 256, 260, 436, 449, 455, 480, 491, 531, 635, 675, 718, 755
Cluster1: 1, 2, 6, 8, 18, 20, 29, 31, 32, 37, 43, 54, 56, 61, 76, 83, 116, 135, 146, 179, 184, 199, 216, 218, 249, 255, 261, 262, 265, 272, 278, 280, 292, 347, 352, 354, 371, 379, 392, 410, 413, 489, 511, 538, 543, 565, 566, 574, 576, 578, 584, 588, 591, 604, 616, 641, 647, 648, 655, 656, 672, 677, 683, 684, 695, 713, 731, 739, 740, 744, 754, 764, 767, 775, 810, 811, 812, 814, 841
Cluster2: 3, 4, 5, 13, 14, 92, 93, 98, 123, 157, 306, 316, 322, 417, 458, 541, 542, 621, 673, 703, 705, 712, 720, 757, 783
Cluster3: 7, 9, 33, 53, 60, 66, 67, 68, 74, 75, 99, 103, 105, 109, 117, 118, 122, 125, 132, 133, 141, 148, 150, 174, 186, 188, 189, 191, 193, 204, 208, 209, 211, 212, 219, 223, 240, 241, 264, 267, 270, 273, 276, 277, 285, 301, 307, 311, 313, 332, 353, 360, 361, 363, 365, 372, 374, 396, 418, 432, 450, 459, 496, 528, 537, 544, 556, 567, 569, 570, 587, 592, 612, 623, 639, 662, 665, 686, 690, 691, 694, 706, 711, 715, 719, 722, 724, 725, 730, 736, 738, 741, 746, 758, 760, 762, 766, 772, 776, 778, 779, 803, 817, 829
Cluster4: 10, 15, 22, 23, 27, 45, 46, 51, 57, 58, 59, 63, 69, 72, 73, 81, 88, 97, 107, 126, 127, 128, 130, 131, 138, 143, 145, 147, 151, 152, 155, 166, 183, 187, 195, 197, 198, 200, 203, 206, 213, 214, 215, 220, 222, 229, 231, 237, 242, 246, 248, 266, 275, 281, 283, 287, 297, 298, 300, 304, 310, 314, 334, 336, 337, 340, 343, 344, 349, 358, 369, 382, 401, 412, 419, 422, 424, 444, 451, 460, 461, 464, 466, 481, 505, 512, 516, 518, 521, 526, 527, 539, 540, 546, 548, 550, 552, 554, 563, 575, 596, 601, 602, 611, 617, 620, 624, 625, 627, 631, 633, 636, 637, 643, 645, 651, 652, 653, 654, 660, 661, 676, 679, 680, 682, 685, 688, 693, 698, 704, 710, 726, 727, 729, 733, 735, 737, 749, 751, 753, 759, 768, 770, 782, 804, 805, 806, 808, 809, 815
Cluster5: 11, 30, 36, 39, 48, 49, 55, 64, 80, 82, 91, 124, 129, 137, 142, 162, 176, 178, 181, 182, 190, 192, 205, 207, 210, 217, 228, 236, 251, 254, 257, 269, 282, 286, 291, 308, 317, 327, 328, 342, 345, 368, 381, 398, 409, 416, 421, 479, 493, 514, 532, 533, 535, 547, 561, 593, 597, 598, 613, 615, 622, 644, 657, 658, 664, 667, 669, 670, 678, 699, 708, 714, 728, 750, 756, 769, 797, 816, 845
Cluster6: 12, 16, 44, 62, 65, 85, 104, 136, 159, 168, 173, 233, 247, 309, 312, 315, 356, 367, 375, 383, 384, 407, 411, 476, 478, 485, 487, 503, 560, 562, 571, 577, 595, 618, 629, 649, 687, 689, 702, 709, 716, 732, 748, 774, 780, 789, 819, 832, 837, 840, 844
Cluster7: 17, 19, 21, 28, 35, 38, 50, 52, 70, 71, 77, 78, 79, 84, 96, 100, 106, 119, 120, 139, 140, 144, 149, 158, 165, 172, 175, 180, 185, 194, 196, 202, 221, 225, 238, 239, 252, 253, 258, 268, 271, 274, 279, 284, 288, 295, 296, 299, 302, 326, 330, 331, 333, 335, 338, 346, 351, 357, 359, 362, 364, 366, 386, 387, 394, 395, 399, 403, 404, 405, 408, 420, 423, 425, 428, 429, 430, 433, 445, 456, 462, 463, 465, 467, 469, 471, 477, 486, 490, 500, 507, 515, 517, 519, 520, 525, 536, 545, 549, 551, 558, 559, 564, 581, 586, 590, 599, 600, 605, 606, 607, 608, 609, 610, 614, 619, 626, 632, 638, 640, 642, 646, 650, 663, 671, 674, 681, 692, 696, 697, 701, 717, 723, 734, 743, 752, 761, 763, 765, 771, 773, 790, 791, 792, 795, 796, 798, 802, 813, 820, 824, 826, 828, 830, 842
Cluster8: 26, 34, 95, 115, 156, 160, 164, 232, 250, 263, 350, 434, 435, 453, 454, 470, 472, 474, 483, 488, 522, 557, 582, 668, 784, 785, 787, 807, 823, 838, 839
Cluster9: 41, 90, 110, 113, 114, 134, 169, 177, 224, 234, 243, 244, 259, 290, 303, 305, 373, 376, 377, 389, 391, 397, 415, 452, 473, 482, 495, 499, 506, 508, 509, 523, 524, 529, 555, 568, 572, 630, 634, 745, 818, 836
Cluster10: 47, 87, 101, 102, 108, 167, 293, 294, 319, 378, 385, 390, 414, 427, 437, 438, 440, 441, 442, 497, 498, 573, 594, 603, 628, 659, 666, 700, 742, 788
Cluster11: 111, 112, 380, 448, 707, 747, 799, 801, 833, 834, 843
Cluster12: 121, 171, 226, 245, 323, 324, 325, 329, 348, 393, 402, 426, 447, 457, 468, 492, 494, 502, 513, 579, 794
Cluster13: 153, 154, 235, 318, 320, 388, 400, 406, 439, 475, 501, 553, 580, 777
Cluster14: 161, 163, 170, 534, 822, 825
Cluster15: 230, 443, 721
Cluster16: 289, 321, 355, 504, 510, 530, 583, 585, 589, 786, 793, 831, 835
Cluster17: 339, 341, 370, 431, 446, 484, 781, 800, 821, 827